4 6 3
50
10 16 5 6 17
10 10 8 5 20
10 24 10 1 17
10 12 8 8 23
20 13 10 3 15
20 6 10 1 24
30 4 3 2 15
30 10 10 5 20
40 7 7 8 18
30 5 4 3 12
50 5 2 2 9
50 4 6 6 20
50 2 2 6 40
45 17 3 1 13
50 5 4 8 50
45 12 7 2 40
67 6 4 7 23
80 4 2 5 20
100 9 4 6 15
60 7 2 3 13
80 6 6 2 30
90 6 15 3 60
50 8 2 4 50
75 5 10 5 30
90 13 4 4 30
80 7 10 6 24
100 12 3 3 25
120 7 7 4 15
80 7 4 6 30
100 7 9 8 19
98 9 8 7 30
90 7 16 4 29
97 6 18 4 30
68 6 14 10 28
80 9 3 6 28
70 9 13 11 23
90 12 7 3 27
69 11 12 5 26
90 10 4 10 30
80 9 12 7 24
92 9 2 5 15
81 5 8 9 20
100 5 15 2 25
95 19 5 10 10
100 9 8 2 15
93 12 7 6 30
105 8 5 4 13
100 8 12 20 20
150 6 6 35 23
105 11 10 18 17